345798.632	0.989	2.636	0.369
345802.588	0.915	2.970	0.283
345806.508	0.941	3.152	0.287
345811.174	0.857	3.236	0.334
345815.403	0.867	3.545	0.290
345818.870	0.877	3.681	0.295
345823.088	0.756	3.680	0.380
345826.199	0.630	3.233	0.255
345830.822	1.051	3.607	0.443
345834.622	0.814	3.845	0.433
345838.783	0.909	3.341	0.482
345842.093	0.616	3.640	0.417
345846.188	0.893	3.601	0.433
345850.674	0.922	3.276	0.296
345853.876	0.667	3.193	0.294
345858.383	0.804	3.213	0.372
345862.186	0.746	3.340	0.421
345866.734	0.813	3.090	0.317
345870.377	0.737	3.159	0.361
345874.024	0.685	3.292	0.357
345878.277	0.848	3.605	0.336
345755.201	0.600	2.648	0.253
345757.125	0.590	2.755	0.324
345761.888	0.924	2.675	0.392
345765.650	0.874	2.934	0.270
345769.211	0.703	3.116	0.454
345773.026	0.696	3.023	0.368
345777.688	0.853	2.948	0.352
345781.586	1.051	2.996	0.312
345785.231	0.746	2.904	0.341
345789.291	0.883	2.457	0.254
345793.592	0.709	2.325	0.337
345755.524	0.322	2.650	0.284
345756.649	0.392	2.793	0.373
345760.816	0.512	3.147	0.287
345765.191	0.821	2.694	0.339
345768.747	0.563	3.052	0.314
345772.740	0.469	3.173	0.311
345777.443	0.746	3.073	0.335
345781.301	0.683	2.888	0.339
345785.683	0.842	3.017	0.283
345788.685	0.504	2.856	0.314
345793.013	0.686	2.680	0.407
345797.684	0.798	2.267	0.301
345800.947	0.628	2.872	0.511
345805.265	0.863	3.205	0.340
345808.944	0.687	3.405	0.277
345813.636	0.764	3.517	0.471
