459682.673	0.529	1.912	0.388
459683.338	0.640	1.888	0.311
459685.041	0.704	1.704	0.293
459687.515	0.699	1.577	0.303
459689.307	0.814	1.618	0.254
459691.187	0.544	1.090	0.359
459692.895	0.522	0.837	0.265
459695.275	0.754	0.296	0.496
459697.337	0.737	0.537	0.432
459699.619	0.630	0.271	0.368
459702.383	0.722	0.282	0.282
459704.243	0.897	0.474	0.329
459705.904	0.765	0.264	0.340
459707.330	0.805	0.230	0.334
459709.798	0.906	0.446	0.289
459711.290	0.643	0.680	0.342
459713.253	0.626	1.081	0.315
459715.724	0.843	1.552	0.435
459717.314	0.839	1.848	0.358
