461027.110	0.583	2.818	0.500
461026.252	0.598	3.030	0.386
461026.909	0.541	3.376	0.410
461027.614	0.515	3.493	0.336
461029.184	0.535	3.171	0.401
461030.202	0.639	3.546	0.337
461031.395	0.649	3.312	0.358
461031.888	0.486	3.718	0.361
461033.050	0.580	3.273	0.267
461034.409	0.727	3.339	0.359
461035.193	0.671	3.511	0.328
461036.195	0.628	3.681	0.351
461037.205	0.776	3.428	0.262
461038.207	0.611	2.817	0.334
461040.357	0.754	2.578	0.226
461040.197	0.574	2.255	0.321
461041.247	0.716	2.345	0.416
461041.740	0.519	2.213	0.373
461042.977	0.518	2.613	0.418
461044.061	0.652	3.239	0.302
461044.906	0.699	3.415	0.419
461046.605	0.680	3.350	0.331
461047.047	0.600	3.072	0.306
