345782.415	0.360	3.030	0.304
345782.132	0.761	3.162	0.352
345783.217	0.753	3.440	0.233
345784.409	0.867	3.278	0.282
345785.086	0.914	2.907	0.369
345785.829	0.958	3.127	0.382
345786.878	0.834	2.753	0.229
345787.299	0.659	3.070	0.386
345788.882	0.979	3.282	0.302
345789.973	0.726	2.989	0.270
345791.700	0.804	3.161	0.274
345791.817	0.765	3.042	0.314
345793.443	0.833	2.881	0.389
345794.557	0.687	2.815	0.437
345795.024	0.740	2.801	0.381
345796.290	0.660	2.562	0.260
345797.505	0.917	2.984	0.383
345797.865	0.845	3.198	0.517
345798.945	0.729	2.819	0.417
345799.642	0.815	2.858	0.287
345800.733	0.829	3.287	0.324
345801.349	0.833	3.298	0.291
345803.488	1.155	3.362	0.310
345803.940	0.947	3.535	0.344
345804.911	0.906	3.543	0.324
345805.794	1.075	3.459	0.313
345807.576	0.693	3.263	0.364
345807.796	0.734	3.147	0.320
345808.387	0.845	3.593	0.293
345809.213	0.723	3.016	0.307
345810.242	0.730	3.617	0.252
345811.286	0.902	3.102	0.370
