459699.081	0.687	0.265	0.268
459699.394	0.623	-0.187	0.409
459682.316	0.730	0.006	0.339
459683.622	0.805	0.029	0.309
459685.837	0.978	0.028	0.335
459687.165	0.657	0.150	0.297
459688.962	0.553	0.006	0.346
459691.629	0.855	-0.032	0.280
459693.581	0.762	0.097	0.239
459695.138	0.627	0.178	0.276
459697.213	0.678	-0.098	0.313
459682.683	0.598	0.228	0.380
459683.595	0.678	0.038	0.349
459685.657	0.951	-0.168	0.396
459687.079	0.681	-0.152	0.295
459690.570	0.813	0.095	0.401
459692.858	0.820	-0.048	0.348
459694.295	0.848	-0.048	0.292
459695.933	0.875	-0.068	0.385
459697.327	0.736	-0.510	0.342
459699.473	0.742	0.024	0.365
459701.591	0.794	-0.170	0.216
459703.765	0.707	-0.081	0.496
459705.203	0.781	0.193	0.322
459706.785	0.512	0.129	0.319
459709.098	0.744	0.105	0.319
459711.703	1.018	0.043	0.363
459713.548	0.745	-0.299	0.417
459715.271	0.718	0.180	0.353
459717.176	0.750	-0.277	0.313
